# Geodesic distances between cities in Sweden. City names can be found in 'city-names-sweden.csv'
0.00 219.45 255.13 490.79 235.46 312.43 19.14 119.97 90.88 83.06 440.74 417.43 150.08 226.33 466.96 182.87 535.37 364.17 322.17 356.14 516.78 535.57 327.03 340.80 244.96 290.53 833.93 429.43 138.24 380.02 642.97 217.54 579.86 195.63
219.45 0.00 433.21 302.71 184.02 275.28 211.24 100.02 290.01 211.77 236.33 246.26 117.68 51.85 339.21 211.79 699.07 146.51 279.28 265.70 349.18 397.13 199.88 514.56 89.40 507.61 1022.56 588.87 126.93 314.21 804.63 404.65 427.26 89.92
255.13 433.21 0.00 730.35 490.58 564.98 273.75 342.29 164.36 222.44 669.27 662.61 400.57 459.12 721.23 434.63 280.28 556.38 575.07 611.26 764.59 789.30 579.19 85.72 486.23 177.14 589.55 176.11 308.85 633.86 387.86 40.99 831.84 365.19
490.79 302.71 730.35 0.00 291.72 299.04 476.00 388.07 575.84 508.12 83.63 81.19 342.21 271.22 158.81 367.56 1000.95 241.93 291.81 222.66 74.49 161.77 187.36 813.72 246.23 777.01 1319.26 890.83 429.35 263.55 1106.94 698.47 157.00 387.34
235.46 184.02 490.58 291.72 0.00 94.90 217.00 185.63 326.31 287.51 272.21 210.82 102.22 136.53 233.35 75.98 770.78 287.98 101.28 120.71 297.60 302.80 105.68 576.26 109.54 499.93 1064.52 664.29 251.69 150.76 878.39 452.82 350.40 254.59
312.43 275.28 564.98 299.04 94.90 0.00 293.31 279.20 401.42 374.09 305.98 221.29 195.12 225.19 190.66 130.35 844.63 360.89 10.81 78.44 280.84 258.10 126.39 649.93 192.39 550.50 1124.91 740.65 345.68 70.87 951.84 525.60 312.01 349.24
19.14 211.24 273.75 476.00 217.00 293.31 0.00 113.53 109.39 97.75 427.90 401.75 134.21 214.27 448.99 163.73 554.02 357.10 303.07 337.61 500.42 517.77 309.88 359.37 230.86 302.90 850.90 448.32 141.14 361.01 661.60 235.83 562.53 195.38
119.97 100.02 342.29 388.07 185.63 279.20 113.53 0.00 191.71 120.41 329.63 321.56 84.12 116.87 393.49 174.03 615.46 244.22 286.47 297.24 424.45 458.17 248.03 426.00 145.31 407.66 931.34 505.84 66.72 335.32 722.36 310.84 495.93 93.23
90.88 290.01 164.36 575.84 326.31 401.42 109.39 191.71 0.00 87.53 520.95 504.63 238.84 306.70 557.69 271.17 444.65 427.58 411.38 446.97 605.20 626.15 416.96 249.98 329.70 222.14 745.16 339.33 179.86 469.84 552.21 126.73 669.88 242.02
83.06 211.77 222.44 508.12 287.51 374.09 97.75 120.41 87.53 0.00 447.17 441.88 188.41 236.94 509.15 249.76 495.31 343.41 382.95 406.14 544.61 575.36 364.39 305.67 265.48 309.19 811.94 385.93 93.45 437.58 602.39 192.87 614.89 155.23
440.74 236.33 669.27 83.63 272.21 305.98 427.90 329.63 520.95 447.17 0.00 97.45 298.34 214.72 214.49 344.38 934.48 158.58 301.23 238.89 154.57 236.00 180.67 750.89 198.73 730.80 1258.76 824.29 362.76 289.15 1039.42 639.71 239.13 315.33
417.43 246.26 662.61 81.19 210.82 221.29 401.75 321.56 504.63 441.88 97.45 0.00 267.55 206.78 121.77 286.75 937.00 225.44 214.86 147.78 103.42 159.64 106.17 747.07 176.48 700.55 1249.64 827.27 369.56 194.61 1043.79 629.15 181.80 335.14
150.08 117.68 400.57 342.21 102.22 195.12 134.21 84.12 238.84 188.41 298.34 267.55 0.00 93.94 321.78 98.05 679.24 256.13 202.53 218.04 366.74 389.09 178.62 486.08 99.61 435.06 983.70 571.11 150.75 252.78 786.79 364.97 431.36 163.45
226.33 51.85 459.12 271.22 136.53 225.19 214.27 116.87 306.70 236.94 214.72 206.78 93.94 0.00 291.28 175.83 730.97 164.19 228.69 213.95 310.17 351.60 149.43 542.60 37.97 516.77 1048.21 621.05 163.35 262.40 837.50 427.60 384.99 138.36
466.96 339.21 721.23 158.81 233.35 190.66 448.99 393.49 557.69 509.15 214.49 121.77 321.78 291.28 0.00 302.10 1000.69 345.23 180.48 117.78 105.97 69.74 145.47 806.92 254.46 730.85 1297.87 892.85 451.41 130.49 1108.30 684.42 121.53 428.81
182.87 211.79 434.63 367.56 75.98 130.35 163.73 174.03 271.17 249.76 344.38 286.75 98.05 175.83 302.10 0.00 714.35 338.88 140.48 185.07 372.57 371.84 181.58 519.62 162.17 428.75 998.59 610.33 239.18 199.75 821.61 395.30 421.66 260.50
535.37 699.07 280.28 1000.95 770.78 844.63 554.02 615.46 444.65 495.31 934.48 937.00 679.24 730.97 1000.69 714.35 0.00 806.17 854.83 891.48 1039.89 1068.33 857.65 194.80 760.73 354.27 343.81 110.21 572.14 913.86 107.64 319.06 1109.60 620.72
364.17 146.51 556.38 241.93 287.98 360.89 357.10 244.22 427.58 343.41 158.58 225.44 256.13 164.19 345.23 338.88 806.17 0.00 360.85 319.92 309.59 383.22 246.11 632.48 179.36 648.57 1140.06 696.94 250.47 374.50 908.21 532.79 394.61 191.30
322.17 279.28 575.07 291.81 101.28 10.81 303.07 286.47 411.38 382.95 301.23 214.86 202.53 228.69 180.48 140.48 854.83 360.85 0.00 69.97 271.83 247.65 122.89 660.10 194.99 561.30 1135.62 750.67 352.78 60.15 962.07 535.77 301.72 354.79
356.14 265.70 611.26 222.66 120.71 78.44 337.61 297.24 446.97 406.14 238.89 147.78 218.04 213.95 117.78 185.07 891.48 319.92 69.97 0.00 202.55 187.28 74.01 696.94 176.36 613.65 1182.89 784.95 360.43 54.64 999.09 573.39 238.85 350.19
516.78 349.18 764.59 74.49 297.60 280.84 500.42 424.45 605.20 544.61 154.57 103.42 366.74 310.17 105.97 372.57 1039.89 309.59 271.83 202.55 0.00 89.04 193.23 849.34 279.16 795.53 1350.33 930.28 472.97 230.65 1146.80 730.50 85.04 437.49
535.57 397.13 789.30 161.77 302.80 258.10 517.77 458.17 626.15 575.36 236.00 159.64 389.09 351.60 69.74 371.84 1068.33 383.22 247.65 187.28 89.04 0.00 210.99 874.93 316.05 800.58 1367.27 960.09 513.88 193.70 1175.88 752.85 55.96 487.05
327.03 199.88 579.19 187.36 105.68 126.39 309.88 248.03 416.96 364.39 180.67 106.17 178.62 149.43 145.47 181.58 857.65 246.11 122.89 74.01 193.23 210.99 0.00 664.69 111.61 602.37 1160.78 749.21 306.47 128.44 965.15 543.39 252.92 287.77
340.80 514.56 85.72 813.72 576.26 649.93 359.37 426.00 249.98 305.67 750.89 747.07 486.08 542.60 806.92 519.62 194.80 632.48 660.10 696.94 849.34 874.93 664.69 0.00 570.59 204.04 508.59 94.46 388.69 719.08 302.27 124.34 917.23 442.37
244.96 89.40 486.23 246.23 109.54 192.39 230.86 145.31 329.70 265.48 198.73 176.48 99.61 37.97 254.46 162.17 760.73 179.36 194.99 176.36 279.16 316.05 111.61 570.59 0.00 533.41 1073.97 651.15 197.83 225.64 867.66 453.20 351.40 176.19
290.53 507.61 177.14 777.01 499.93 550.50 302.90 407.66 222.14 309.19 730.80 700.55 435.06 516.77 730.85 428.75 354.27 648.57 561.30 613.65 795.53 800.58 602.37 204.04 533.41 0.00 578.33 286.35 402.00 621.24 449.25 161.12 849.95 464.14
833.93 1022.56 589.55 1319.26 1064.52 1124.91 850.90 931.34 745.16 811.94 1258.76 1249.64 983.70 1048.21 1297.87 998.59 343.81 1140.06 1135.62 1182.89 1350.33 1367.27 1160.78 508.59 1073.97 578.33 0.00 447.01 897.17 1195.77 264.66 620.83 1413.27 950.72
429.43 588.87 176.11 890.83 664.29 740.65 448.32 505.84 339.33 385.93 824.29 827.27 571.11 621.05 892.85 610.33 110.21 696.94 750.67 784.95 930.28 960.09 749.21 94.46 651.15 286.35 447.01 0.00 461.94 809.16 216.52 216.50 1000.67 510.73
138.24 126.93 308.85 429.35 251.69 345.68 141.14 66.72 179.86 93.45 362.76 369.56 150.75 163.35 451.41 239.18 572.14 250.47 352.78 360.43 472.97 513.88 306.47 388.69 197.83 402.00 897.17 461.94 0.00 400.49 677.73 282.97 548.32 62.20
380.02 314.21 633.86 263.55 150.76 70.87 361.01 335.32 469.84 437.58 289.15 194.61 252.78 262.40 130.49 199.75 913.86 374.50 60.15 54.64 230.65 193.70 128.44 719.08 225.64 621.24 1195.77 809.16 400.49 0.00 1021.21 594.81 249.05 395.80
642.97 804.63 387.86 1106.94 878.39 951.84 661.60 722.36 552.21 602.39 1039.42 1043.79 786.79 837.50 1108.30 821.61 107.64 908.21 962.07 999.09 1146.80 1175.88 965.15 302.27 867.66 449.25 264.66 216.52 677.73 1021.21 0.00 426.41 1216.95 724.82
217.54 404.65 40.99 698.47 452.82 525.60 235.83 310.84 126.73 192.87 639.71 629.15 364.97 427.60 684.42 395.30 319.06 532.79 535.77 573.39 730.50 752.85 543.39 124.34 453.20 161.12 620.83 216.50 282.97 594.81 426.41 0.00 796.28 341.68
579.86 427.26 831.84 157.00 350.40 312.01 562.53 495.93 669.88 614.89 239.13 181.80 431.36 384.99 121.53 421.66 1109.60 394.61 301.72 238.85 85.04 55.96 252.92 917.23 351.40 849.95 1413.27 1000.67 548.32 249.05 1216.95 796.28 0.00 516.60
195.63 89.92 365.19 387.34 254.59 349.24 195.38 93.23 242.02 155.23 315.33 335.14 163.45 138.36 428.81 260.50 620.72 191.30 354.79 350.19 437.49 487.05 287.77 442.37 176.19 464.14 950.72 510.73 62.20 395.80 724.82 341.68 516.60 0.00
